0 1 725.1848040327376
0 2 913.4122836923094
0 3 1527.206600300038
0 4 2376.7559824264667
0 5 2040.245083317198
0 6 1596.4466793476067
0 7 1434.7058932059908
0 8 1775.8856945197797
0 9 2300.448869242696
0 10 2700.7156458983236
0 11 2366.0925594743753
0 12 2108.2755986824873
0 13 2712.2722945899072
0 14 2863.67334030961
0 15 2823.307457575246
0 16 3410.5414526142326
0 17 3875.7508949879634
0 18 3591.3219014730494
0 19 3236.427814736488
0 20 3482.3792154215485
0 21 4161.005888003525
0 22 4082.9589760368644
0 23 3891.934223493506
0 24 3854.5819487980793
0 25 4344.6929695894505
0 26 4519.345638474668
0 27 4469.23371507913
0 28 4878.211147541689
0 29 4337.226994290246
1 2 676.627667184841
1 3 1462.622644430203
1 4 2097.0536473824413
1 5 1655.0918403520693
1 6 1151.9344599411895
1 7 743.0006729472053
1 8 1078.5272365591886
1 9 1699.7799857628634
1 10 2143.6165701916
1 11 1673.9369761134976
1 12 1398.0032188804144
1 13 2027.7006682446993
1 14 2142.1129755454076
1 15 2164.2259586281652
1 16 2775.6991911948962
1 17 3206.576055545853
1 18 2894.0062197583475
1 19 2516.513858495518
1 20 2791.676915404073
1 21 3462.225440377908
1 22 3371.6982367940345
1 23 3168.399753818953
1 24 3130.2768248191724
1 25 3619.520686499802
1 26 3800.545487163652
1 27 3765.952336395138
1 28 4172.978432726438
1 29 3658.2210157397544
2 3 786.0089058019636
2 4 1494.8836075092936
2 5 1127.5894642998398
2 6 694.8985537472358
2 7 1249.6243435528936
2 8 1150.0278257503164
2 9 1462.7621132638076
2 10 1819.6046273847514
2 11 1670.1472988931246
2 12 1775.9842341642563
2 13 2447.281144453984
2 14 2270.2592362987975
2 15 2038.9735162576292
2 16 2580.618724259746
2 17 3085.9107245673845
2 18 2866.6086234433888
2 19 2786.3167443777816
2 20 3172.060056178004
2 21 3805.748283846424
2 22 3670.451198422341
2 23 3385.8756622179735
2 24 3266.7421079724063
2 25 3777.9932503910063
2 26 3865.5981425906134
2 27 3748.344701331509
2 28 4159.08764033652
2 29 3559.0796563156605
3 4 939.6025755605399
3 5 853.0041031554304
3 6 812.8628420588556
3 7 1972.9148486440058
3 8 1634.5672210098917
3 9 1561.5649202002458
3 10 1729.8869905285721
3 11 1986.6620246030777
3 12 2390.613728731599
3 13 3056.7539972984414
3 14 2643.8541941642698
3 15 2173.370884133677
3 16 2574.9634948868693
3 17 3135.7335664880716
3 18 3036.9492916412023
3 19 3257.03991378675
3 20 3725.644239591322
3 21 4310.040603057006
3 22 4136.300037473104
3 23 3783.121462496281
3 24 3588.61338123794
3 25 4102.912258384281
3 26 4089.5066939668895
3 27 3885.5488672773117
3 28 4286.06019556422
3 29 3610.3188224864575
4 5 515.2601284788102
4 6 989.4569217505126
4 7 2351.471028951877
4 8 1734.3947070952447
4 9 1226.1818788417972
4 10 1117.7343154793093
4 11 1794.1050693869631
4 12 2531.1201077783726
4 13 3127.535771178325
4 14 2418.7835785782904
4 15 1727.7407212889323
4 16 1925.7466084612481
4 17 2498.9253690336573
4 18 2532.3763543359823
4 19 3104.0908491859577
4 20 3664.9663027100264
4 21 4147.95769023745
4 22 3926.6175011070277
4 23 3498.5849996820143
4 24 3220.6994581922727
4 25 3712.5355217155834
4 26 3583.969865944746
4 27 3297.45614072424
4 28 3673.030492658617
4 29 2950.312695291806
5 6 507.22184495543956
5 7 1844.3408036477424
5 8 1220.7350244832005
5 9 802.2699047078856
5 10 879.4344773773655
5 11 1335.6504033615981
5 12 2019.919305318903
5 13 2627.4887249995954
5 14 1983.866174922089
5 15 1381.131782271337
5 16 1727.2003358035802
5 17 2293.233742992633
5 18 2233.516733763148
5 19 2653.6022686152496
5 20 3193.600006262525
5 21 3707.4176996934134
5 22 3500.528245850903
5 23 3097.618440027758
5 24 2853.957603048791
5 25 3360.035862903847
5 26 3293.200419045279
5 27 3058.9936253611254
5 28 3453.8755044152936
5 29 2765.238868524743
6 7 1369.7755290557648
6 8 853.2338483674918
6 9 816.2015682415711
6 10 1128.390446609683
6 11 1176.9333031229935
6 12 1645.1735470764172
6 13 2293.1386787545143
6 14 1831.959879473347
6 15 1424.2362865760724
6 16 1916.0701970439393
6 17 2445.0850700946994
6 18 2281.5163817075695
6 19 2446.8684067599547
6 20 2930.9010559894377
6 21 3501.8446567487827
6 22 3324.2924059113693
6 23 2971.5548118787915
6 24 2787.184959775723
6 25 3302.470136125382
6 26 3318.6583132344313
6 27 3151.2441987253223
6 28 3558.753995431547
6 29 2921.9479803719983
7 8 763.8906989877544
7 9 1539.925322864716
7 10 2016.7285389957667
7 11 1266.232601065065
7 12 679.5505867851193
7 13 1285.5006806688202
7 14 1554.498633000364
7 15 1815.6673704178306
7 16 2449.813870480776
7 17 2782.759062513318
7 18 2397.419028872508
7 19 1817.3178037976736
7 20 2051.9887913923894
7 21 2727.2647469580215
7 22 2649.89075246509
7 23 2484.5806487212285
7 24 2496.0779234631277
7 25 2962.0803500242864
7 26 3201.584607659151
7 27 3231.5452959845697
7 28 3626.8340188103452
7 29 3197.863818238669
8 9 777.2033196017629
8 10 1253.4835459630094
8 11 595.425897992353
8 12 802.5384725980431
8 13 1440.0892333463228
8 14 1125.639818059045
8 15 1105.5989327057077
8 16 1733.9345431705315
8 17 2133.027191575391
8 18 1817.4666434353067
8 19 1649.5820682827514
8 20 2091.3022258870187
8 21 2689.4200118241106
8 22 2535.4131813177905
8 23 2236.06484700243
8 24 2125.9181545863894
8 25 2633.686579682556
8 26 2756.1249971654042
8 27 2693.5218580884025
8 28 3102.3323484114335
8 29 2580.5433536369815
9 10 476.95702112454535
9 11 576.9514710961399
9 12 1449.3850420091965
9 13 1962.6905003081868
9 14 1194.026800369238
9 15 614.1025972913646
9 16 1118.600017879492
9 17 1631.0885935472666
9 18 1477.4315550982387
9 19 1877.961128458201
9 20 2445.542884514602
9 21 2923.170367939577
9 22 2707.1824836903775
9 23 2296.163974980881
9 24 2054.561997117634
9 25 2563.3934539980396
9 26 2527.9418505970425
9 27 2338.7443212117055
9 28 2744.8688493259565
9 29 2107.3445375638034
10 11 942.677569479618
10 12 1884.7103225694923
10 13 2336.495238599899
10 14 1431.761153265446
10 15 647.0007727970656
10 16 848.4161714630385
10 17 1417.8413169321875
10 18 1414.667452089006
10 19 2123.9703387759446
10 20 2726.4819823354783
10 21 3126.427513952626
10 22 2883.477934717032
10 23 2427.527342791426
10 24 2122.259409214623
10 25 2603.762277935526
10 26 2467.4736067484087
10 27 2198.0111464685524
10 28 2585.7101539035652
10 29 1887.2532951355522
11 12 962.3512872127309
11 13 1400.260332938129
11 14 660.082570592498
11 15 552.1566806622917
11 16 1184.6961635795062
11 17 1542.4723660409609
11 18 1225.2954745692975
11 19 1317.9685125222074
11 20 1871.3794377410477
11 21 2372.403001178341
11 22 2172.074584354782
11 23 1797.1004423793345
11 24 1616.2091448819365
11 25 2131.540522720598
11 26 2195.754312303633
11 27 2105.043467484698
11 28 2515.1194802633136
11 29 1985.678725272545
12 13 672.8127525545276
12 14 974.7004668101888
12 15 1480.8946620202262
12 16 2081.692820759105
12 17 2303.5296828997016
12 18 1864.80696051897
12 19 1138.4783704576912
12 20 1406.7441131918767
12 21 2066.839132588698
12 22 1975.06556853184
12 23 1808.3500767274018
12 24 1845.0463408814426
12 25 2294.868405813283
12 26 2567.203342160492
12 27 2644.5929743535203
12 28 3025.7643662387195
12 29 2673.320033217123
13 14 1051.0118933675299
13 15 1802.1964376837504
13 16 2306.0832595550405
13 17 2366.368525821792
13 18 1877.0023974411968
13 19 752.7682246216294
13 20 771.1095901361881
13 21 1455.7901634507632
13 22 1419.3607716151662
13 23 1392.200057463007
13 24 1567.0497758527008
13 25 1917.8154238612224
13 26 2302.944202537265
13 27 2495.5538463435328
13 28 2829.823492728831
13 29 2641.969908988367
14 15 813.3203550877108
14 16 1256.446576659748
14 17 1355.2306076826926
14 18 894.5881734071829
14 19 694.4710217136493
14 20 1296.0015432089579
14 21 1729.2845341354325
14 22 1516.7231125027402
14 23 1139.6565272045784
14 24 1000.7182420641686
14 25 1508.377273761442
14 26 1660.5210025772033
14 27 1681.007138592814
14 28 2072.807033951786
14 29 1701.0446790134586
15 16 634.3153789716911
15 17 1053.6583886630428
15 18 863.7603834397593
15 19 1493.6733243919166
15 20 2106.0166191177123
15 21 2480.871016397265
15 22 2236.491225111335
15 23 1783.0717876742933
15 24 1493.0
15 25 1988.722202822707
15 26 1918.0260686445322
15 27 1727.0138968751814
15 28 2134.741436333684
15 29 1522.0647161011257
16 17 574.1707063234766
16 18 726.9016439656743
16 19 1834.1646600019312
16 20 2450.27386224479
16 21 2679.178418844105
16 22 2403.1198471986368
16 23 1904.443488266323
16 24 1528.059226600854
16 25 1938.982207241727
16 26 1697.0574533586068
16 27 1373.6597104086586
16 28 1748.007151015121
16 29 1039.0019249260322
17 18 495.84876726679477
17 19 1750.0925689802812
17 20 2323.80076598662
17 21 2406.371750166628
17 22 2116.802541570659
17 23 1614.4141352205759
17 24 1206.7481095903984
17 25 1513.3816438691201
17 26 1177.3954306009516
17 27 808.6439265832645
17 28 1174.1537378043813
17 29 477.21797954393963
18 19 1255.87977131571
18 20 1838.7702412210178
18 21 1978.6462543870746
18 22 1695.6960222870136
18 23 1192.0708871539478
18 24 803.9633076204411
18 25 1220.053277525207
18 26 1059.9481119375607
18 27 882.7961259543451
18 28 1293.7484299507382
18 29 808.8269283351043
19 20 620.285418174569
19 21 1057.5202125727906
19 22 885.858340819795
19 23 675.0474057427374
19 24 815.4048074422913
19 25 1184.6636653497903
19 26 1550.1857953161614
19 27 1760.7535318720788
19 28 2081.513151531837
19 29 1954.5651690337675
20 21 688.058863760943
20 22 705.0907742978914
20 23 890.6924272721757
20 24 1227.102685189793
20 25 1390.896832982231
20 26 1879.8005213319843
20 27 2193.806053414932
20 28 2449.1706759636004
20 29 2465.939374761675
21 22 291.5956103922005
21 23 792.2486983264788
21 24 1199.8816608316006
21 25 1082.935362798722
21 26 1626.8635468286823
21 27 2040.3137013704534
21 28 2190.059816534699
21 29 2413.568312685597
22 23 504.6999108381138
22 24 910.0549433962765
22 25 814.9263770427362
22 26 1355.3541972488224
22 27 1756.6251734505001
22 28 1924.5201999459503
22 29 2123.2475126560257
23 24 409.21632421006865
23 25 528.3455308791775
23 26 989.1314371710162
23 27 1323.8708396214488
23 28 1559.0355993369747
23 29 1649.6332925835366
24 25 515.469688730579
24 26 738.9269246684681
24 27 971.0715730573107
24 28 1267.86828968943
24 29 1253.1639956526042
25 26 544.0588203494177
25 27 977.2108267922537
25 28 1109.737356314547
25 29 1395.2910090730177
26 27 470.11168885702045
26 28 573.8823921327435
26 29 930.4993283178661
27 28 410.96228537421774
27 29 469.65519266798276
28 29 743.8776781165033